{
 "cells": [
  {
   "cell_type": "code",
   "execution_count": 17,
   "metadata": {},
   "outputs": [],
   "source": [
    "import numpy as np\n",
    "import pandas as pd\n",
    "import pprint\n",
    "import matplotlib.pyplot as plt\n",
    "%matplotlib inline"
   ]
  },
  {
   "cell_type": "code",
   "execution_count": 18,
   "metadata": {},
   "outputs": [
    {
     "data": {
      "text/html": [
       "<div>\n",
       "<style scoped>\n",
       "    .dataframe tbody tr th:only-of-type {\n",
       "        vertical-align: middle;\n",
       "    }\n",
       "\n",
       "    .dataframe tbody tr th {\n",
       "        vertical-align: top;\n",
       "    }\n",
       "\n",
       "    .dataframe thead th {\n",
       "        text-align: right;\n",
       "    }\n",
       "</style>\n",
       "<table border=\"1\" class=\"dataframe\">\n",
       "  <thead>\n",
       "    <tr style=\"text-align: right;\">\n",
       "      <th></th>\n",
       "      <th>wconfid</th>\n",
       "      <th>pctid</th>\n",
       "      <th>x</th>\n",
       "      <th>y</th>\n",
       "      <th>z</th>\n",
       "    </tr>\n",
       "  </thead>\n",
       "  <tbody>\n",
       "    <tr>\n",
       "      <th>0</th>\n",
       "      <td>1</td>\n",
       "      <td>20</td>\n",
       "      <td>1.004</td>\n",
       "      <td>0.090</td>\n",
       "      <td>-0.125</td>\n",
       "    </tr>\n",
       "    <tr>\n",
       "      <th>1</th>\n",
       "      <td>1</td>\n",
       "      <td>20</td>\n",
       "      <td>1.004</td>\n",
       "      <td>-0.043</td>\n",
       "      <td>-0.125</td>\n",
       "    </tr>\n",
       "    <tr>\n",
       "      <th>2</th>\n",
       "      <td>1</td>\n",
       "      <td>20</td>\n",
       "      <td>0.969</td>\n",
       "      <td>0.090</td>\n",
       "      <td>-0.121</td>\n",
       "    </tr>\n",
       "    <tr>\n",
       "      <th>3</th>\n",
       "      <td>1</td>\n",
       "      <td>20</td>\n",
       "      <td>0.973</td>\n",
       "      <td>-0.012</td>\n",
       "      <td>-0.137</td>\n",
       "    </tr>\n",
       "    <tr>\n",
       "      <th>4</th>\n",
       "      <td>1</td>\n",
       "      <td>20</td>\n",
       "      <td>1.000</td>\n",
       "      <td>-0.016</td>\n",
       "      <td>-0.121</td>\n",
       "    </tr>\n",
       "  </tbody>\n",
       "</table>\n",
       "</div>"
      ],
      "text/plain": [
       "   wconfid  pctid      x      y      z\n",
       "0        1     20  1.004  0.090 -0.125\n",
       "1        1     20  1.004 -0.043 -0.125\n",
       "2        1     20  0.969  0.090 -0.121\n",
       "3        1     20  0.973 -0.012 -0.137\n",
       "4        1     20  1.000 -0.016 -0.121"
      ]
     },
     "execution_count": 18,
     "metadata": {},
     "output_type": "execute_result"
    }
   ],
   "source": [
    "data=pd.read_csv(\"./accelerometer.csv\")\n",
    "data.head()"
   ]
  },
  {
   "cell_type": "code",
   "execution_count": 19,
   "metadata": {},
   "outputs": [
    {
     "data": {
      "text/html": [
       "<div>\n",
       "<style scoped>\n",
       "    .dataframe tbody tr th:only-of-type {\n",
       "        vertical-align: middle;\n",
       "    }\n",
       "\n",
       "    .dataframe tbody tr th {\n",
       "        vertical-align: top;\n",
       "    }\n",
       "\n",
       "    .dataframe thead th {\n",
       "        text-align: right;\n",
       "    }\n",
       "</style>\n",
       "<table border=\"1\" class=\"dataframe\">\n",
       "  <thead>\n",
       "    <tr style=\"text-align: right;\">\n",
       "      <th></th>\n",
       "      <th>wconfid</th>\n",
       "      <th>pctid</th>\n",
       "      <th>x</th>\n",
       "      <th>y</th>\n",
       "      <th>z</th>\n",
       "    </tr>\n",
       "  </thead>\n",
       "  <tbody>\n",
       "    <tr>\n",
       "      <th>152995</th>\n",
       "      <td>3</td>\n",
       "      <td>100</td>\n",
       "      <td>1.051</td>\n",
       "      <td>0.090</td>\n",
       "      <td>-0.262</td>\n",
       "    </tr>\n",
       "    <tr>\n",
       "      <th>152996</th>\n",
       "      <td>3</td>\n",
       "      <td>100</td>\n",
       "      <td>0.918</td>\n",
       "      <td>0.039</td>\n",
       "      <td>-0.129</td>\n",
       "    </tr>\n",
       "    <tr>\n",
       "      <th>152997</th>\n",
       "      <td>3</td>\n",
       "      <td>100</td>\n",
       "      <td>1.156</td>\n",
       "      <td>-0.094</td>\n",
       "      <td>-0.227</td>\n",
       "    </tr>\n",
       "    <tr>\n",
       "      <th>152998</th>\n",
       "      <td>3</td>\n",
       "      <td>100</td>\n",
       "      <td>0.934</td>\n",
       "      <td>0.203</td>\n",
       "      <td>-0.172</td>\n",
       "    </tr>\n",
       "    <tr>\n",
       "      <th>152999</th>\n",
       "      <td>3</td>\n",
       "      <td>100</td>\n",
       "      <td>1.199</td>\n",
       "      <td>-0.176</td>\n",
       "      <td>0.109</td>\n",
       "    </tr>\n",
       "  </tbody>\n",
       "</table>\n",
       "</div>"
      ],
      "text/plain": [
       "        wconfid  pctid      x      y      z\n",
       "152995        3    100  1.051  0.090 -0.262\n",
       "152996        3    100  0.918  0.039 -0.129\n",
       "152997        3    100  1.156 -0.094 -0.227\n",
       "152998        3    100  0.934  0.203 -0.172\n",
       "152999        3    100  1.199 -0.176  0.109"
      ]
     },
     "execution_count": 19,
     "metadata": {},
     "output_type": "execute_result"
    }
   ],
   "source": [
    "data.tail()"
   ]
  },
  {
   "cell_type": "markdown",
   "metadata": {},
   "source": [
    "# Mean"
   ]
  },
  {
   "cell_type": "code",
   "execution_count": 20,
   "metadata": {},
   "outputs": [
    {
     "data": {
      "text/plain": [
       "wconfid     2.000000\n",
       "pctid      60.000000\n",
       "x           0.995622\n",
       "y           0.005351\n",
       "z          -0.117769\n",
       "dtype: float64"
      ]
     },
     "execution_count": 20,
     "metadata": {},
     "output_type": "execute_result"
    }
   ],
   "source": [
    "data.mean()\n"
   ]
  },
  {
   "cell_type": "markdown",
   "metadata": {},
   "source": [
    "# Describe"
   ]
  },
  {
   "cell_type": "code",
   "execution_count": 21,
   "metadata": {},
   "outputs": [
    {
     "data": {
      "text/html": [
       "<div>\n",
       "<style scoped>\n",
       "    .dataframe tbody tr th:only-of-type {\n",
       "        vertical-align: middle;\n",
       "    }\n",
       "\n",
       "    .dataframe tbody tr th {\n",
       "        vertical-align: top;\n",
       "    }\n",
       "\n",
       "    .dataframe thead th {\n",
       "        text-align: right;\n",
       "    }\n",
       "</style>\n",
       "<table border=\"1\" class=\"dataframe\">\n",
       "  <thead>\n",
       "    <tr style=\"text-align: right;\">\n",
       "      <th></th>\n",
       "      <th>wconfid</th>\n",
       "      <th>pctid</th>\n",
       "      <th>x</th>\n",
       "      <th>y</th>\n",
       "      <th>z</th>\n",
       "    </tr>\n",
       "  </thead>\n",
       "  <tbody>\n",
       "    <tr>\n",
       "      <th>count</th>\n",
       "      <td>153000.000000</td>\n",
       "      <td>153000.000000</td>\n",
       "      <td>153000.000000</td>\n",
       "      <td>153000.000000</td>\n",
       "      <td>153000.000000</td>\n",
       "    </tr>\n",
       "    <tr>\n",
       "      <th>mean</th>\n",
       "      <td>2.000000</td>\n",
       "      <td>60.000000</td>\n",
       "      <td>0.995622</td>\n",
       "      <td>0.005351</td>\n",
       "      <td>-0.117769</td>\n",
       "    </tr>\n",
       "    <tr>\n",
       "      <th>std</th>\n",
       "      <td>0.816499</td>\n",
       "      <td>24.494977</td>\n",
       "      <td>0.773958</td>\n",
       "      <td>0.742602</td>\n",
       "      <td>0.517008</td>\n",
       "    </tr>\n",
       "    <tr>\n",
       "      <th>min</th>\n",
       "      <td>1.000000</td>\n",
       "      <td>20.000000</td>\n",
       "      <td>-8.000000</td>\n",
       "      <td>-8.000000</td>\n",
       "      <td>-5.867000</td>\n",
       "    </tr>\n",
       "    <tr>\n",
       "      <th>25%</th>\n",
       "      <td>1.000000</td>\n",
       "      <td>40.000000</td>\n",
       "      <td>0.945000</td>\n",
       "      <td>-0.078000</td>\n",
       "      <td>-0.172000</td>\n",
       "    </tr>\n",
       "    <tr>\n",
       "      <th>50%</th>\n",
       "      <td>2.000000</td>\n",
       "      <td>60.000000</td>\n",
       "      <td>0.992000</td>\n",
       "      <td>0.008000</td>\n",
       "      <td>-0.125000</td>\n",
       "    </tr>\n",
       "    <tr>\n",
       "      <th>75%</th>\n",
       "      <td>3.000000</td>\n",
       "      <td>80.000000</td>\n",
       "      <td>1.039000</td>\n",
       "      <td>0.105000</td>\n",
       "      <td>-0.066000</td>\n",
       "    </tr>\n",
       "    <tr>\n",
       "      <th>max</th>\n",
       "      <td>3.000000</td>\n",
       "      <td>100.000000</td>\n",
       "      <td>7.996000</td>\n",
       "      <td>7.996000</td>\n",
       "      <td>6.086000</td>\n",
       "    </tr>\n",
       "  </tbody>\n",
       "</table>\n",
       "</div>"
      ],
      "text/plain": [
       "             wconfid          pctid              x              y  \\\n",
       "count  153000.000000  153000.000000  153000.000000  153000.000000   \n",
       "mean        2.000000      60.000000       0.995622       0.005351   \n",
       "std         0.816499      24.494977       0.773958       0.742602   \n",
       "min         1.000000      20.000000      -8.000000      -8.000000   \n",
       "25%         1.000000      40.000000       0.945000      -0.078000   \n",
       "50%         2.000000      60.000000       0.992000       0.008000   \n",
       "75%         3.000000      80.000000       1.039000       0.105000   \n",
       "max         3.000000     100.000000       7.996000       7.996000   \n",
       "\n",
       "                   z  \n",
       "count  153000.000000  \n",
       "mean       -0.117769  \n",
       "std         0.517008  \n",
       "min        -5.867000  \n",
       "25%        -0.172000  \n",
       "50%        -0.125000  \n",
       "75%        -0.066000  \n",
       "max         6.086000  "
      ]
     },
     "execution_count": 21,
     "metadata": {},
     "output_type": "execute_result"
    }
   ],
   "source": [
    "data.describe()"
   ]
  },
  {
   "cell_type": "markdown",
   "metadata": {},
   "source": [
    "# Covariance"
   ]
  },
  {
   "cell_type": "code",
   "execution_count": 22,
   "metadata": {},
   "outputs": [
    {
     "data": {
      "text/html": [
       "<div>\n",
       "<style scoped>\n",
       "    .dataframe tbody tr th:only-of-type {\n",
       "        vertical-align: middle;\n",
       "    }\n",
       "\n",
       "    .dataframe tbody tr th {\n",
       "        vertical-align: top;\n",
       "    }\n",
       "\n",
       "    .dataframe thead th {\n",
       "        text-align: right;\n",
       "    }\n",
       "</style>\n",
       "<table border=\"1\" class=\"dataframe\">\n",
       "  <thead>\n",
       "    <tr style=\"text-align: right;\">\n",
       "      <th></th>\n",
       "      <th>wconfid</th>\n",
       "      <th>pctid</th>\n",
       "      <th>x</th>\n",
       "      <th>y</th>\n",
       "      <th>z</th>\n",
       "    </tr>\n",
       "  </thead>\n",
       "  <tbody>\n",
       "    <tr>\n",
       "      <th>wconfid</th>\n",
       "      <td>0.666671</td>\n",
       "      <td>0.000000</td>\n",
       "      <td>-0.003833</td>\n",
       "      <td>0.003257</td>\n",
       "      <td>0.000941</td>\n",
       "    </tr>\n",
       "    <tr>\n",
       "      <th>pctid</th>\n",
       "      <td>0.000000</td>\n",
       "      <td>600.003922</td>\n",
       "      <td>0.040352</td>\n",
       "      <td>0.052419</td>\n",
       "      <td>0.113527</td>\n",
       "    </tr>\n",
       "    <tr>\n",
       "      <th>x</th>\n",
       "      <td>-0.003833</td>\n",
       "      <td>0.040352</td>\n",
       "      <td>0.599011</td>\n",
       "      <td>0.012148</td>\n",
       "      <td>-0.036479</td>\n",
       "    </tr>\n",
       "    <tr>\n",
       "      <th>y</th>\n",
       "      <td>0.003257</td>\n",
       "      <td>0.052419</td>\n",
       "      <td>0.012148</td>\n",
       "      <td>0.551457</td>\n",
       "      <td>-0.010641</td>\n",
       "    </tr>\n",
       "    <tr>\n",
       "      <th>z</th>\n",
       "      <td>0.000941</td>\n",
       "      <td>0.113527</td>\n",
       "      <td>-0.036479</td>\n",
       "      <td>-0.010641</td>\n",
       "      <td>0.267297</td>\n",
       "    </tr>\n",
       "  </tbody>\n",
       "</table>\n",
       "</div>"
      ],
      "text/plain": [
       "          wconfid       pctid         x         y         z\n",
       "wconfid  0.666671    0.000000 -0.003833  0.003257  0.000941\n",
       "pctid    0.000000  600.003922  0.040352  0.052419  0.113527\n",
       "x       -0.003833    0.040352  0.599011  0.012148 -0.036479\n",
       "y        0.003257    0.052419  0.012148  0.551457 -0.010641\n",
       "z        0.000941    0.113527 -0.036479 -0.010641  0.267297"
      ]
     },
     "execution_count": 22,
     "metadata": {},
     "output_type": "execute_result"
    }
   ],
   "source": [
    "data.cov()"
   ]
  },
  {
   "cell_type": "markdown",
   "metadata": {},
   "source": [
    "# Correlation"
   ]
  },
  {
   "cell_type": "code",
   "execution_count": 23,
   "metadata": {},
   "outputs": [
    {
     "data": {
      "text/html": [
       "<div>\n",
       "<style scoped>\n",
       "    .dataframe tbody tr th:only-of-type {\n",
       "        vertical-align: middle;\n",
       "    }\n",
       "\n",
       "    .dataframe tbody tr th {\n",
       "        vertical-align: top;\n",
       "    }\n",
       "\n",
       "    .dataframe thead th {\n",
       "        text-align: right;\n",
       "    }\n",
       "</style>\n",
       "<table border=\"1\" class=\"dataframe\">\n",
       "  <thead>\n",
       "    <tr style=\"text-align: right;\">\n",
       "      <th></th>\n",
       "      <th>wconfid</th>\n",
       "      <th>pctid</th>\n",
       "      <th>x</th>\n",
       "      <th>y</th>\n",
       "      <th>z</th>\n",
       "    </tr>\n",
       "  </thead>\n",
       "  <tbody>\n",
       "    <tr>\n",
       "      <th>wconfid</th>\n",
       "      <td>1.000000</td>\n",
       "      <td>0.000000</td>\n",
       "      <td>-0.006065</td>\n",
       "      <td>0.005371</td>\n",
       "      <td>0.002228</td>\n",
       "    </tr>\n",
       "    <tr>\n",
       "      <th>pctid</th>\n",
       "      <td>0.000000</td>\n",
       "      <td>1.000000</td>\n",
       "      <td>0.002128</td>\n",
       "      <td>0.002882</td>\n",
       "      <td>0.008964</td>\n",
       "    </tr>\n",
       "    <tr>\n",
       "      <th>x</th>\n",
       "      <td>-0.006065</td>\n",
       "      <td>0.002128</td>\n",
       "      <td>1.000000</td>\n",
       "      <td>0.021137</td>\n",
       "      <td>-0.091164</td>\n",
       "    </tr>\n",
       "    <tr>\n",
       "      <th>y</th>\n",
       "      <td>0.005371</td>\n",
       "      <td>0.002882</td>\n",
       "      <td>0.021137</td>\n",
       "      <td>1.000000</td>\n",
       "      <td>-0.027716</td>\n",
       "    </tr>\n",
       "    <tr>\n",
       "      <th>z</th>\n",
       "      <td>0.002228</td>\n",
       "      <td>0.008964</td>\n",
       "      <td>-0.091164</td>\n",
       "      <td>-0.027716</td>\n",
       "      <td>1.000000</td>\n",
       "    </tr>\n",
       "  </tbody>\n",
       "</table>\n",
       "</div>"
      ],
      "text/plain": [
       "          wconfid     pctid         x         y         z\n",
       "wconfid  1.000000  0.000000 -0.006065  0.005371  0.002228\n",
       "pctid    0.000000  1.000000  0.002128  0.002882  0.008964\n",
       "x       -0.006065  0.002128  1.000000  0.021137 -0.091164\n",
       "y        0.005371  0.002882  0.021137  1.000000 -0.027716\n",
       "z        0.002228  0.008964 -0.091164 -0.027716  1.000000"
      ]
     },
     "execution_count": 23,
     "metadata": {},
     "output_type": "execute_result"
    }
   ],
   "source": [
    "data.corr()"
   ]
  },
  {
   "cell_type": "code",
   "execution_count": 24,
   "metadata": {},
   "outputs": [
    {
     "data": {
      "text/plain": [
       "wconfid      0.666671\n",
       "pctid      600.003922\n",
       "x            0.599011\n",
       "y            0.551457\n",
       "z            0.267297\n",
       "dtype: float64"
      ]
     },
     "execution_count": 24,
     "metadata": {},
     "output_type": "execute_result"
    }
   ],
   "source": [
    "data.var()"
   ]
  },
  {
   "cell_type": "markdown",
   "metadata": {},
   "source": [
    "# PCA"
   ]
  },
  {
   "cell_type": "markdown",
   "metadata": {},
   "source": [
    "###  Standarding"
   ]
  },
  {
   "cell_type": "code",
   "execution_count": 25,
   "metadata": {},
   "outputs": [],
   "source": [
    "from sklearn.preprocessing import StandardScaler\n",
    "X_std = StandardScaler().fit_transform(data)"
   ]
  },
  {
   "cell_type": "code",
   "execution_count": 26,
   "metadata": {},
   "outputs": [
    {
     "data": {
      "text/plain": [
       "array([[ 1.00000654e+00, -3.71528042e-19, -6.06508746e-03,\n",
       "         5.37104192e-03,  2.22837628e-03],\n",
       "       [-3.71528042e-19,  1.00000654e+00,  2.12849280e-03,\n",
       "         2.88174556e-03,  8.96455590e-03],\n",
       "       [-6.06508746e-03,  2.12849280e-03,  1.00000654e+00,\n",
       "         2.11369848e-02, -9.11649541e-02],\n",
       "       [ 5.37104192e-03,  2.88174556e-03,  2.11369848e-02,\n",
       "         1.00000654e+00, -2.77157745e-02],\n",
       "       [ 2.22837628e-03,  8.96455590e-03, -9.11649541e-02,\n",
       "        -2.77157745e-02,  1.00000654e+00]])"
      ]
     },
     "execution_count": 26,
     "metadata": {},
     "output_type": "execute_result"
    }
   ],
   "source": [
    "X_covariance_matrix=np.cov(X_std.T)\n",
    "X_covariance_matrix"
   ]
  },
  {
   "cell_type": "markdown",
   "metadata": {},
   "source": [
    "# Eigenvalues and Eigenvector"
   ]
  },
  {
   "cell_type": "code",
   "execution_count": 27,
   "metadata": {},
   "outputs": [
    {
     "name": "stdout",
     "output_type": "stream",
     "text": [
      "Eigenvalues [1.10307152 0.90782481 0.98441269 1.00401092 1.00071274] \n",
      "\n",
      "Eigenvectors \n",
      "[[-0.03727795  0.02523764 -0.40979266  0.76852115  0.48930424]\n",
      " [-0.03628142 -0.08698171 -0.21728163  0.43752949 -0.86745287]\n",
      " [ 0.66406168  0.69453611 -0.254733   -0.07949737 -0.07370854]\n",
      " [ 0.31503654  0.05592847  0.83103962  0.45496234  0.00253047]\n",
      " [-0.6760681   0.71153977  0.17129775  0.06806344 -0.05164814]]\n",
      "\n"
     ]
    }
   ],
   "source": [
    "Eigenvalues, Eigenvectors = np.linalg.eig(X_covariance_matrix)\n",
    "print('Eigenvalues %s \\n' %Eigenvalues)\n",
    "print('Eigenvectors \\n%s\\n' %Eigenvectors)\n"
   ]
  },
  {
   "cell_type": "code",
   "execution_count": 28,
   "metadata": {},
   "outputs": [
    {
     "name": "stdout",
     "output_type": "stream",
     "text": [
      "Eigenvalues in descending order:\n",
      "1.103071524005504\n",
      "1.0040109166871491\n",
      "1.0007127398403595\n",
      "0.9844126931210018\n",
      "0.9078248062981319\n"
     ]
    }
   ],
   "source": [
    "# Make a list of (eigenvalue, eigenvector) tuples\n",
    "eig_pairs = [(np.abs(Eigenvalues[i]), Eigenvectors[:,i]) for i in range(len(Eigenvalues))]\n",
    "\n",
    "# Sort the (eigenvalue, eigenvector) tuples from high to low\n",
    "eig_pairs.sort(key=lambda x: x[0], reverse=True)\n",
    "\n",
    "# Visually confirm that the list is correctly sorted by decreasing eigenvalues\n",
    "print('Eigenvalues in descending order:')\n",
    "for i in eig_pairs:\n",
    "    print(i[0])"
   ]
  },
  {
   "cell_type": "code",
   "execution_count": 29,
   "metadata": {},
   "outputs": [
    {
     "name": "stdout",
     "output_type": "stream",
     "text": [
      "Variance captured by each component is \n",
      " [22.061286287754047, 20.08008709048594, 20.014123984684375, 19.688125181022283, 18.156377456053356]\n",
      "==============================================================================\n",
      "Captures of total variation travel each component (%)\n",
      " [ 22.06128629  42.14137338  62.15549736  81.84362254 100.        ]\n"
     ]
    }
   ],
   "source": [
    "total=sum(Eigenvalues)\n",
    "variance_exp=[(i / total)*100 for i in sorted(Eigenvalues, reverse=True)]\n",
    "print (\"Variance captured by each component is \\n\",variance_exp)\n",
    "Cumulative_variance_exp=np.cumsum(variance_exp)\n",
    "print(\"==============================================================================\")\n",
    "print(\"Captures of total variation travel each component (%)\\n\",Cumulative_variance_exp)"
   ]
  },
  {
   "cell_type": "code",
   "execution_count": 30,
   "metadata": {},
   "outputs": [
    {
     "data": {
      "text/plain": [
       "array([[-0.03727795,  0.76852115],\n",
       "       [-0.03628142,  0.43752949],\n",
       "       [ 0.66406168, -0.07949737],\n",
       "       [ 0.31503654,  0.45496234],\n",
       "       [-0.6760681 ,  0.06806344]])"
      ]
     },
     "execution_count": 30,
     "metadata": {},
     "output_type": "execute_result"
    }
   ],
   "source": [
    "W_matrix = np.hstack((eig_pairs[0][1].reshape(5,1),\n",
    "                      eig_pairs[1][1].reshape(5,1)))\n",
    "W_matrix"
   ]
  },
  {
   "cell_type": "markdown",
   "metadata": {},
   "source": [
    "### Two component principal"
   ]
  },
  {
   "cell_type": "code",
   "execution_count": 31,
   "metadata": {},
   "outputs": [
    {
     "data": {
      "text/plain": [
       "array([[ 0.15745795, -1.60567644],\n",
       "       [ 0.1010347 , -1.68716049],\n",
       "       [ 0.12219696, -1.6015548 ],\n",
       "       [ 0.1032796 , -1.66656357],\n",
       "       [ 0.10382637, -1.66968116]])"
      ]
     },
     "execution_count": 31,
     "metadata": {},
     "output_type": "execute_result"
    }
   ],
   "source": [
    "Y = X_std.dot(W_matrix)\n",
    "Y[0:5]"
   ]
  },
  {
   "cell_type": "code",
   "execution_count": 48,
   "metadata": {},
   "outputs": [
    {
     "data": {
      "text/plain": [
       "Text(0.5, 1.0, 'PCA of Accelerometer dataset')"
      ]
     },
     "execution_count": 48,
     "metadata": {},
     "output_type": "execute_result"
    },
    {
     "data": {
